$ANSIBLE_VAULT;1.1;AES256
65353232386363353163333633663635613139336233613335643834636432373431663366373036
3761643264646566353836363666633462333763643132310a346132366333386337323163323961
37363761643032316237643038343739656531343665353931663131383038316139643065656631
3334313162303766630a393463346362613864666364633562656435363766616166373166646232
32343734626463353439333562383166326537376238366632323564366661343762323436616334
61663931326238323631313832666166323363653835323236626139613230393137366135656161
34333933366263623764316662353761346565363964313134643832326664633033386362613937
37633263376366323763366562633936326663346130636264323163333633623932663763316530
32396236653330376333333165353162306434346463343938313363343536356565396661656232
36383561396539666166633630326430356265343731393366666464306630666131316334303362
36373534323132666262633261373537663437356236353661363261363331373434323030376238
65366337343439313065333966353435633464383361626530613732613362623830353631393936
37613664363231386361623766373961343061663638376331303733663438353933303632336166
34303365393739383665316536353332613039643466656364373632616561316232353762323830
64366535353036393463346533386636666564363331383564633163666136643161636363633162
34646235616362353239626237626131643733376133313261346638613639363062396432343234
39306261336233666361323531336130663031386363376135613539353738393435303162636365
31626537393033393830396264336432613165626434313063613335316461323038633566663161
61656436346437633433353762313463313164633135616337346161626636376134306463336437
39313062316337663733306462656263336632623136373539393735646431383062626162383364
66303432343962643164666438653238646438663565353232626333653765616532663564663637
66306261323864396335353235623036343162316366373164613064313661303530323332633162
38386135343232346365613862343730636463363166613832633836383937353666613265623634
31333865356164386463666131646333316336303933333137383164626264623038376232323631
31393066353664353765613561313331613536633231663739386663333939336632
